1000 10 15
911 1001 8621 2151 681 -1 2081 201 1811 551 
4911 8121 1731 881 8931 6471 5211 871 4591 5981 
4341 1861 3081 9131 8491 7271 -1 -1 731 8051 
3931 1831 2991 1331 1181 8921 3981 3661 891 3911 
2041 2091 8181 2161 9781 8151 7621 9201 3221 8961 
9241 9231 3131 661 -1 401 5161 4821 1511 -1 
7521 9261 7651 831 6611 7611 8361 1111 9571 5121 
5731 4301 6231 4971 9211 1921 9771 7851 3681 161 
5341 6591 2511 -1 -1 1331 8841 8231 8531 7311 
3551 5541 421 5091 2051 6901 4041 8031 7321 9721 
4971 3931 4691 2371 521 1811 -1 2571 261 8001 
5541 7201 9991 9611 2151 9161 2671 1691 6901 3771 
4441 6161 3911 4051 8131 451 5371 3471 6121 7401 
551 7981 6441 1181 5971 2531 5791 7261 9171 5581 
5651 3411 3491 1271 -1 5951 6541 6881 2401 -1 
111 6941 -1 7921 981 7461 8151 401 1781 5551 
4211 3971 -1 9771 -1 5221 9401 1361 7141 7111 
5061 9891 3051 -1 -1 7091 7261 6131 2791 5921 
521 8131 9861 4931 4411 3221 8001 -1 4891 5011 
7381 1971 -1 9791 3951 6941 6621 3451 2011 -1 
9641 2811 -1 1631 5311 -1 -1 8061 1061 3751 
881 7691 8041 4911 1 601 7111 -1 4761 4091 
91 6621 7291 6511 -1 7921 -1 7661 5851 8091 
2261 8111 -1 471 4251 3171 -1 4281 4691 -1 
3371 3381 1321 5241 7611 -1 -1 7861 6411 6981 
3771 401 3771 8141 -1 3771 9451 4341 7961 9161 
751 3311 6671 2701 7741 1011 8611 121 1891 2141 
411 1031 3071 9311 3911 7061 851 71 3071 2671 
8951 8301 521 911 9591 8821 6701 5171 3871 551 
8731 2641 1661 5441 8541 4081 2951 1911 2401 -1 
-1 8461 3811 9031 6571 3331 3211 11 6471 9571 
-1 8381 8441 3281 1611 -1 5951 5311 8301 4761 
7301 9911 9701 2781 1011 8591 7271 3841 5411 2041 
8911 331 4791 7631 9901 6301 2171 8221 8751 -1 
161 4311 6171 1151 4081 131 -1 -1 -1 1931 
6881 -1 3001 1061 1971 6801 1541 7501 8701 9801 
6101 6511 7311 4151 841 571 9891 1261 2161 6301 
9691 9561 9301 261 2641 4541 8021 6781 1521 8271 
8141 -1 7231 -1 5901 3801 9841 2091 4961 7601 
7661 -1 811 221 2071 5201 8881 6851 -1 5461 
811 1171 7121 2491 -1 5491 7211 7141 961 -1 
-1 6631 5741 3441 -1 4811 6421 7901 2771 3811 
8831 6611 1501 5661 9741 7701 6741 2501 2801 3251 
8041 8271 1541 7761 411 3441 8121 7881 -1 3091 
2391 2671 9861 8141 8631 6391 6611 911 -1 2111 
7631 1531 7721 -1 4961 7491 5951 8381 9131 261 
4141 5041 5841 7401 -1 4071 9301 4321 2571 6971 
6091 7751 -1 -1 6341 5321 8391 6231 -1 5651 
3051 1351 -1 3241 4051 1601 7171 8481 4451 8171 
8331 4621 9401 1601 6841 6001 4831 8651 -1 3481 
7411 5711 7781 1411 411 2591 3141 5011 -1 9251 
9471 6081 6221 2091 4281 1411 2781 9191 9401 1121 
5081 9021 -1 4261 6851 3301 4971 8851 611 4091 
-1 1711 9421 921 8921 9011 8261 3851 1691 9801 
8211 131 3631 9051 9351 3441 3401 2341 1891 5081 
1951 7891 591 381 -1 871 -1 -1 551 5321 
9091 6881 7471 4261 -1 3221 5161 2951 8521 1401 
9321 3341 4501 7781 7691 5991 2421 9361 8621 6831 
-1 8901 7381 2151 4971 7761 2541 -1 3501 1131 
-1 8081 -1 4001 1391 1561 4231 7601 9741 4211 
3201 5171 2971 7841 1811 3141 -1 2381 -1 5651 
6581 5011 2261 2181 441 7661 6241 -1 8331 641 
9491 3801 5161 1181 -1 -1 6081 7751 111 681 
2961 6151 8761 5561 7191 9431 9951 7331 3391 -1 
141 7651 5951 6931 8441 4421 3571 -1 4991 -1 
3891 2091 1971 6141 5231 8861 2261 3311 8811 6541 
6301 1911 7491 6361 8431 6091 5121 4591 901 8861 
1081 9781 2271 2441 6961 9641 271 6581 2731 6101 
3701 -1 7451 7351 -1 7531 581 1481 3081 2141 
-1 5381 4931 9691 2041 4871 4521 2811 1091 571 
5171 7911 4691 3781 2141 9791 1661 4351 5821 1 
9131 9651 5731 6891 7711 7121 8561 6781 8041 9031 
5331 1161 9081 1161 3551 1981 9801 171 -1 581 
4391 6871 2271 1741 9021 6541 2781 -1 6661 9891 
9601 1621 9971 6511 1061 1041 1001 6911 9661 1501 
5421 3591 6391 8251 -1 6381 2391 771 7871 4941 
1081 31 331 4361 5341 5331 7461 8391 9361 7031 
-1 5841 6631 5541 1691 2031 4661 231 6841 4521 
1 7531 4931 5801 8501 3611 2441 2191 6051 3691 
9651 3811 7161 7531 5851 1221 7371 1441 3551 8551 
7861 2311 2581 5131 8411 4051 8111 5861 -1 2601 
3371 3681 1461 1961 5401 4051 2521 8071 4841 4121 
6241 31 2771 3201 791 8781 6591 8631 6501 -1 
5431 9341 4171 7541 2521 9741 5151 2791 5051 3711 
6571 6861 1071 7781 -1 1301 1211 7251 2421 3421 
8271 1951 3551 -1 -1 501 7201 -1 -1 2121 
-1 -1 461 271 8021 3441 9441 5951 1371 4361 
1201 8531 611 7901 5941 3451 5331 4681 9441 8231 
9761 1571 7661 8561 6141 7571 991 3461 5271 8131 
4361 3351 9341 3421 5151 -1 4611 4601 8541 1131 
271 5501 -1 6071 -1 2151 8781 6871 471 9791 
4061 2461 -1 5551 1401 3601 7161 7911 -1 3241 
8821 3811 8491 7981 3091 7541 -1 -1 2651 7401 
9711 -1 3491 -1 4501 921 9551 5241 9981 8751 
3221 6791 5941 -1 7981 8351 -1 -1 5551 -1 
6201 761 9531 171 7301 6931 6481 8391 3481 7261 
1061 -1 3501 2391 511 9751 2371 -1 5741 5761 
3811 971 5461 6521 1971 9921 5411 3611 3281 7981 
5501 701 471 611 8281 -1 2101 6581 4611 -1 
-1 6021 -1 4491 4011 3341 7181 5781 6571 3511 
5261 6771 501 -1 8641 7831 7451 501 6971 5981 
-1 2871 2881 8251 1031 1091 1581 9651 9961 9611 
4391 8361 5931 9051 4571 9221 971 7441 6441 5001 
4631 5771 -1 3211 6941 1611 5681 5951 5141 5491 
6431 -1 -1 -1 121 731 6641 1711 8481 9401 
121 9351 8991 801 1161 4801 6151 7401 7851 -1 
6281 9521 7701 8451 -1 6541 9831 2951 361 2581 
991 3751 -1 1761 1031 8541 1571 5421 3671 4681 
7311 4351 6671 6081 5641 1101 7191 331 8701 -1 
2261 5151 6841 1291 7791 3101 491 4651 4241 9421 
2321 9171 -1 2391 871 611 3281 2371 3531 2991 
5221 2861 3961 5401 9091 8051 1661 -1 4431 2851 
1121 9291 6521 4411 8871 4271 -1 -1 21 6831 
-1 2941 6291 9181 9811 9681 9761 1051 1801 -1 
-1 7321 5551 3691 8451 3941 4491 5491 3421 2901 
341 -1 1831 1401 7861 8141 6581 -1 5101 1061 
6561 3371 8181 -1 2591 2951 5691 3241 8631 6371 
-1 8941 1951 2831 291 9861 -1 -1 6981 7611 
6961 1491 3871 5131 7021 5131 6601 8351 5261 5601 
5271 2531 6681 8031 8051 5271 2781 5841 7091 -1 
5741 7271 8621 2841 6161 1131 801 5791 3501 1711 
431 7441 9551 -1 4381 9281 6701 2311 3001 3061 
7591 431 1561 6141 2191 5271 7221 6031 6291 7061 
9521 5251 7061 3161 861 5261 3861 6431 6341 1041 
901 2791 -1 6551 8451 621 5621 -1 -1 6721 
7541 9211 1471 8101 -1 8941 8761 3421 3831 9921 
4351 2401 321 9501 1891 1541 1271 -1 8531 2771 
991 6581 -1 631 3291 2841 8611 4671 7531 -1 
3151 691 -1 9651 5911 9191 2651 1181 5601 4501 
9851 4201 1321 5881 1221 -1 3121 7011 2931 8671 
3391 2071 6361 2591 -1 7251 8361 9891 9871 8131 
9441 5421 5111 3841 7381 4371 151 -1 7811 3981 
4681 -1 471 6031 7121 9121 6751 5901 8431 5181 
9091 -1 -1 -1 4901 811 -1 6421 1151 2221 
4811 7851 2291 7501 3121 8021 1321 6661 861 4891 
9031 4391 -1 8391 951 1951 8191 -1 9801 9791 
8511 5291 9841 3131 3581 2361 1631 1701 7381 1101 
-1 9831 1421 931 2941 7251 5451 9171 1021 6511 
8571 5321 891 4081 7811 5141 9691 -1 9791 7391 
4451 6921 561 7931 9051 6491 7681 4441 6441 3751 
5021 71 4241 9371 -1 5561 -1 -1 1271 5381 
-1 9371 4071 2331 2651 1901 1101 8351 2011 3621 
3481 9081 4311 -1 1481 2691 7221 661 -1 7851 
7631 3631 7181 1911 -1 4971 1821 5261 4511 4921 
7471 9071 7391 6551 -1 3491 -1 1571 1551 8801 
9331 -1 821 5551 9731 1771 3571 9551 5791 -1 
4031 5971 7591 6961 6371 9091 81 351 5751 4511 
-1 -1 9021 7971 6471 4881 721 6921 5341 7001 
-1 -1 2971 101 961 3321 3851 3491 4991 2111 
7471 6131 2381 7721 7271 671 9101 -1 -1 8041 
591 8741 1741 3651 4661 6101 6481 6021 -1 6031 
8161 741 6011 1751 5921 1981 -1 8241 6211 4441 
251 -1 3891 851 5131 9271 8021 3251 3541 8081 
2411 1241 4191 6821 4741 -1 5101 871 -1 5121 
8311 181 7841 6531 -1 5351 4351 7961 8441 5441 
3951 911 1791 7321 5821 1231 7881 641 9511 4621 
5661 6621 9831 851 5641 791 921 4601 7751 5471 
5221 3311 9461 8001 -1 6581 7151 1251 2901 2921 
6861 4231 9271 821 -1 4781 9271 6241 7441 9801 
7721 2551 8301 3261 -1 6471 -1 6881 -1 5801 
1231 2761 8431 6541 741 8831 -1 7431 3451 5831 
3941 4111 3471 3251 5201 1221 8251 7131 2231 1171 
4801 7451 6181 9451 5261 8251 5041 6041 4001 9421 
1021 1651 1721 5841 8461 1351 7591 7841 -1 6461 
6781 8681 4741 7751 9331 4341 1951 9451 5641 841 
2001 221 -1 1781 161 6451 401 5321 5721 4491 
3151 6601 2711 4581 4681 3511 5341 8801 2841 7611 
3331 9951 2541 8511 3721 81 4811 9451 6291 9091 
6901 2261 821 531 6481 1641 2341 7821 1021 -1 
8251 8281 781 3381 5671 9321 4921 9801 5631 -1 
8101 6101 6741 401 8511 8621 6051 6201 401 -1 
3761 7031 9291 8161 8981 -1 741 1511 7861 6671 
881 8751 2111 581 2961 5411 8361 2321 -1 -1 
2051 2241 951 9011 6071 8181 7441 6661 9661 5311 
8231 281 8641 4761 7721 2141 2661 7391 4261 1171 
2911 8321 9181 9131 8561 7931 1561 8901 6801 9501 
2411 5971 -1 9241 7941 9311 -1 8131 4591 7231 
4771 1321 5311 2021 -1 7601 7621 9781 2051 7191 
6801 6041 -1 4581 7661 4781 1581 6811 1851 4601 
9241 5921 9051 3401 -1 961 1381 9901 5301 6681 
7111 7531 1621 6271 8061 5091 1351 8871 9701 3671 
1631 -1 7761 2971 7011 4711 8091 2661 7061 1401 
9221 9001 9941 4191 2091 9761 4931 -1 2751 7371 
1911 2901 5091 301 4041 5841 9841 731 5311 7511 
-1 2391 1691 631 4571 561 -1 1591 241 5871 
181 3871 911 6261 801 8371 -1 3461 6581 9991 
521 2821 7031 7301 3461 471 8541 1771 311 2481 
3811 4201 9291 6641 7991 1391 7891 4281 -1 4101 
8011 8171 6981 6331 1151 9581 4411 851 -1 -1 
1941 611 1941 4741 8761 7181 3001 111 3011 4521 
8091 3011 3431 9831 1911 3981 -1 5711 -1 5991 
9731 -1 1861 3591 741 6561 4191 391 9501 5221 
7371 -1 6721 -1 9211 1581 3961 1991 2141 2761 
531 9791 2851 6121 4561 -1 9571 1561 8611 3341 
3681 7531 6491 451 8271 7991 9991 111 2481 221 
8221 7591 7161 -1 3461 881 7201 1341 3251 4291 
561 1931 7841 5221 431 8891 9351 1801 4161 8221 
-1 6911 5801 6251 8691 7581 1561 6161 8591 5011 
851 1271 4941 7661 3581 8091 4521 1481 5381 1921 
3171 441 461 8381 -1 6011 801 9231 3881 8061 
5501 8881 9541 3381 5651 2431 7301 3751 1921 4391 
171 -1 2151 8251 6851 9061 4301 5891 31 8011 
9951 1801 421 4821 4641 1991 6091 4481 3091 8391 
1941 8061 8271 6621 3561 201 4831 1431 571 2681 
7311 8591 6701 8741 3821 9881 3421 9601 6051 8241 
6241 9331 1701 6341 151 1351 -1 -1 5001 8771 
3291 1301 -1 9281 9921 4041 2761 -1 2901 9901 
811 4321 1061 7841 1241 5471 5651 7001 401 2021 
2391 6431 681 5721 4631 241 7801 9271 -1 7171 
511 691 3401 8121 9451 4871 4201 6551 6051 8481 
8461 -1 9071 2511 1241 2791 6231 1971 2261 6191 
4201 4421 8361 5181 6161 1831 3351 8191 6791 9101 
7001 41 8651 4481 8691 2301 2531 5051 6021 5371 
8461 2521 3111 1541 8251 1611 411 9481 4241 7741 
1291 3961 4211 3071 3921 8941 3761 4011 1981 4201 
9391 1821 361 251 2471 1361 9441 8031 8771 6631 
8151 931 8251 4241 731 2701 1931 3931 6301 9341 
481 521 -1 -1 9771 3271 9011 3391 4341 3261 
871 5051 9041 4631 7741 7041 601 3551 8141 9461 
7911 1 1461 7611 5631 4091 5591 7051 8451 1381 
2701 8551 2791 1201 2671 8331 9791 6931 5361 2541 
1351 3221 7341 661 7891 711 4331 9111 351 9971 
7461 2851 6091 7591 8341 9571 -1 2301 3821 141 
5191 -1 5551 7761 9071 -1 9861 6821 6031 9641 
5861 8191 -1 761 1021 9491 -1 2181 281 1151 
2181 -1 701 2021 5511 5461 8131 1991 1561 4111 
3851 5891 3491 3401 9431 6051 -1 6201 2891 5191 
1961 5891 2711 2291 3821 8861 91 7451 8351 1991 
3941 6781 1321 8851 5671 5081 7931 991 6041 -1 
3191 8051 5351 -1 6861 2841 2041 2611 3041 8111 
3031 3331 9041 7781 -1 5331 7061 -1 41 5281 
5361 9781 9901 8421 4331 5191 751 4671 331 4151 
-1 5871 5921 8191 -1 71 651 9651 -1 7121 
1251 7281 9991 2741 6991 251 9421 2971 9321 7021 
4391 8681 231 2081 2231 4741 2231 8781 5081 3441 
8951 -1 7941 8941 9661 6651 9551 -1 8511 3201 
5041 2021 4281 151 7781 2021 -1 231 9861 1361 
3521 691 5911 3631 7101 851 6331 1211 5711 9081 
-1 7371 -1 9391 3921 3481 1741 8931 4281 6141 
8881 751 6741 2141 561 1611 -1 7991 4691 7191 
5281 6231 9071 3781 9321 6781 4831 631 7851 1451 
6971 3931 4831 9161 3641 7581 8751 9311 3861 -1 
3541 8641 8511 3871 -1 8421 6801 6421 1421 -1 
7481 6651 5721 3831 711 3221 9801 3981 1891 4821 
-1 2951 6231 5691 3911 6071 6541 1821 861 5701 
-1 801 2101 1341 1001 2131 6401 6611 5431 1981 
6251 -1 8811 451 6171 5731 4931 6651 4311 -1 
3301 4901 2211 9161 6721 9331 3851 6261 4621 9201 
9251 951 5791 5931 7371 7351 6211 5431 9871 3411 
2411 8391 -1 7131 7431 7831 3851 2401 9761 8461 
6281 5211 8651 8881 8091 4481 -1 6771 9161 3971 
3891 5641 1371 5901 731 491 1321 2521 9731 7041 
8091 7041 71 5391 9451 5411 7341 1991 7281 9761 
6131 -1 5791 461 6341 5741 3521 5991 981 2011 
6411 -1 7671 -1 3301 7271 2121 8971 2281 1091 
8141 1721 2721 7451 8791 5621 6671 2851 2981 7041 
301 8471 351 -1 301 -1 3861 5001 4021 2691 
4941 -1 7871 5111 7841 7211 8541 7671 3161 761 
211 8611 9181 1961 1481 2621 161 4151 8451 1621 
3941 6011 8221 5531 5991 9551 8001 -1 2371 3821 
3241 9751 5591 1571 8111 7831 1761 -1 1421 5841 
631 1821 3421 9491 6771 5101 6911 1961 1821 791 
4821 8871 7131 7201 8301 6081 9941 8991 5261 331 
6421 9531 4691 2101 7541 -1 2401 4501 1201 9361 
5031 7281 5791 5651 5401 6941 7131 4081 2671 5241 
5381 8321 -1 7911 761 3631 3681 721 6441 4101 
1391 8501 3401 4351 5881 8581 6811 8311 7681 2571 
9321 3641 3081 9681 4381 31 9481 3631 7861 7421 
5471 -1 391 3171 7531 8691 1961 4371 5471 171 
4981 2181 7021 2271 3121 8071 5061 5051 3831 5131 
4291 7541 1931 5881 1521 8131 8981 3631 3721 11 
2631 4101 3741 5101 1411 9781 3951 4811 8081 -1 
-1 -1 -1 1261 5171 3581 1581 8151 51 5611 
3161 3261 2261 2811 8991 2731 5531 3781 8611 5371 
5491 8331 6441 8811 6861 771 2771 9501 1401 9231 
-1 7051 -1 1921 71 9731 4051 7431 9551 1051 
2451 8231 1731 671 -1 4091 5671 -1 5371 9061 
3531 -1 9651 3301 9831 491 941 2451 2971 2811 
5331 4331 -1 7241 7401 4831 781 4971 9401 3451 
9251 2391 691 6081 3131 6741 -1 1211 4341 4601 
8831 2001 3881 631 4821 3801 7841 3751 -1 651 
4211 9041 1701 8221 6401 1071 9991 7651 -1 8891 
9081 481 2731 5631 1771 8051 6771 5231 8831 8541 
2431 4371 9841 3691 4151 4661 8621 491 7511 7301 
1401 4381 9681 4591 3861 8271 6381 6451 7331 3721 
7021 5041 1821 4871 1401 6101 4881 2441 6591 5581 
2411 7101 -1 7651 5011 6691 -1 2121 6831 2161 
8781 7471 -1 6011 4921 5571 2631 8861 5581 2611 
4941 6711 5651 1581 1181 9071 9031 3991 721 4261 
1181 301 9511 581 4331 9391 9561 5171 3971 3501 
-1 -1 -1 1141 2261 1661 531 2341 7151 -1 
8021 5691 2601 7411 4331 2651 1651 -1 9241 6061 
2911 -1 8251 6361 9401 2001 8741 2031 8951 3421 
511 -1 2361 1121 5431 8501 3461 -1 8621 1101 
-1 -1 6021 3401 2041 2141 8081 521 7921 381 
-1 5801 7271 6631 3081 2651 8131 -1 5611 801 
3291 3951 3071 2821 8421 1481 4071 561 6241 411 
-1 8231 8181 3401 1851 2991 6421 -1 8451 1061 
2451 5831 8601 -1 5771 5781 -1 3791 -1 991 
7371 3561 8191 9861 5001 2831 801 9331 2851 4361 
4951 9701 4921 231 7051 3721 4191 2581 301 4051 
4341 3681 9481 7961 2901 2001 3731 5241 961 7921 
5641 9001 1911 9431 351 6001 8361 8551 8121 9541 
7771 1281 5611 -1 -1 8551 -1 5211 4811 2331 
8831 -1 1531 7371 7501 1131 1241 951 5821 6651 
5691 1561 3201 1621 221 6131 -1 7571 -1 1631 
4991 601 7551 6311 2061 2641 5111 5641 451 7841 
861 6211 8121 9791 9191 -1 3991 3581 7511 1151 
7981 2591 -1 2511 8291 1241 6901 4911 4291 7941 
2981 5871 3801 9241 9921 4121 3191 4681 9111 8021 
7701 4831 -1 1741 3571 9251 4641 6561 8671 1661 
9681 3331 5891 1301 1321 8791 5071 5881 6861 5841 
7061 8441 8901 1311 2591 9781 -1 -1 2651 331 
3231 3471 7231 6871 2801 6371 691 2221 9221 4561 
4091 -1 8961 5711 1381 7461 3681 351 1271 8331 
611 8641 5041 7041 381 2251 1971 6531 7111 4631 
9701 9161 2001 2991 3461 4451 1161 701 7561 1951 
2351 6121 2601 4091 9961 4801 4591 -1 2081 1 
9431 5531 8081 7661 1331 9611 3451 7831 861 921 
4231 1701 341 4771 6401 1631 2781 6731 7051 3121 
-1 9511 3391 3271 2851 -1 9181 -1 6421 6221 
3871 4891 9461 5871 3281 8611 5681 -1 -1 8351 
6311 5311 1651 8641 7481 9721 -1 8571 7861 9301 
5941 7961 1261 8941 5861 2341 2221 6031 651 2701 
7801 8521 3021 8921 8351 3321 831 8211 -1 6951 
-1 2031 9361 3591 8561 5241 7301 6461 -1 8861 
3691 1701 3981 5811 4681 -1 1461 4731 2141 7881 
2981 721 3731 1501 7381 7311 6451 9891 3511 9071 
1001 9841 4311 6341 6481 7061 -1 -1 8791 1721 
4001 -1 1671 9351 7251 8041 7451 491 2581 2791 
9491 3581 5551 7881 3621 8231 8411 6651 1541 6241 
9381 7391 5161 4961 8551 4471 1551 8891 2181 801 
7431 231 2731 3821 8421 5951 -1 1641 9741 3931 
4321 3071 8251 -1 3181 7321 6831 8811 751 6711 
851 5631 1371 -1 7601 4111 3161 9301 4581 5551 
5961 3761 8791 -1 -1 5411 9651 7171 7091 -1 
9631 7271 711 5841 9631 21 8561 6501 8751 3451 
-1 141 261 -1 7211 8461 3601 7791 8481 -1 
9811 9801 7291 5951 8401 3791 3631 3011 4881 9491 
3861 5121 8201 1161 2441 9641 4101 9621 8941 9471 
121 5361 3841 4931 2111 5461 2761 7001 3811 8911 
4621 -1 9641 4671 8441 1641 -1 -1 5101 6951 
3601 4881 2801 6551 6201 -1 1561 3251 7391 6161 
6861 2701 3981 9631 7301 2801 8421 771 3131 5191 
3901 4661 -1 2431 681 8961 7511 1611 -1 6911 
7061 6211 331 -1 7501 -1 8721 -1 7641 1971 
4011 2511 6751 7031 9671 6181 5471 5961 -1 8711 
3451 7111 -1 4851 6291 3221 8901 531 8361 8031 
1661 8031 9901 9361 4501 6381 7621 6881 5381 7661 
5231 -1 7551 3971 3231 8001 5801 2001 4891 -1 
-1 2211 9571 7171 511 8321 6951 3991 621 2251 
4931 181 3271 1031 4061 9671 8171 8601 8071 6371 
471 6551 9141 751 7991 -1 7531 4511 -1 591 
6121 3431 -1 6741 8081 7081 5501 -1 5801 31 
9101 6691 6221 2961 7111 7421 8171 6471 8581 8121 
3161 3241 2181 -1 7431 5481 1161 5101 6651 4501 
-1 1781 8541 5811 7611 1691 3631 2831 2931 1 
2641 8371 9311 1141 9621 7851 4041 6931 3211 9121 
231 6921 -1 5731 2681 -1 9171 1811 4111 4121 
2551 4141 6051 411 5951 4871 2701 -1 7261 -1 
2301 7501 2981 6971 -1 2781 5361 2571 9741 1351 
931 6801 5861 5331 8091 3081 6821 3741 8001 2931 
1461 7881 7181 4881 691 6601 9881 9311 3551 5321 
9801 481 6161 3321 2881 8601 4921 7751 7681 3701 
2711 3281 6421 4641 3931 6011 1561 1281 8891 4731 
5631 -1 4081 8871 6301 9551 5661 -1 661 4801 
9671 6891 8901 -1 801 6991 3981 9561 7741 871 
1041 2071 4191 1841 6841 8131 8061 1511 2921 7591 
5011 7621 6401 7191 31 4051 7121 441 3571 5101 
4471 8051 7251 6841 9521 2251 751 4751 6061 9731 
4261 8881 341 7271 3921 6221 8321 7511 7701 3121 
7881 2881 8691 6111 4651 2131 8051 431 -1 9671 
171 5771 9831 -1 9691 6751 1821 2331 -1 -1 
9731 3471 8321 6141 8591 -1 8941 8131 9241 -1 
-1 3821 -1 6781 6551 3001 5101 1481 4041 351 
31 -1 6291 391 1 -1 3941 8381 -1 4901 
-1 4881 5131 7841 9801 7901 5081 1941 5681 7371 
8411 1081 -1 -1 5361 4941 2491 1581 -1 9761 
7411 8011 4611 8931 9531 9451 6181 6951 6311 9461 
9231 -1 6731 8191 241 4331 2431 5841 -1 -1 
9971 4181 2711 2961 981 761 6501 9221 7531 9261 
4801 7411 -1 3871 8171 9191 7141 -1 6841 5241 
6491 8431 7391 7761 -1 -1 8541 8991 6281 5361 
8131 3641 7761 4831 -1 7241 6831 9361 7081 4981 
4631 8161 3421 5181 -1 4761 981 31 -1 8991 
8551 5401 -1 9971 8881 9141 1481 6671 401 2601 
111 7591 -1 5951 9721 3691 9851 7051 3961 2751 
91 1271 6951 -1 4161 5801 4581 -1 7291 2731 
2281 6851 -1 2221 9571 -1 5751 5141 4661 -1 
8061 2001 3351 5841 7301 5061 2791 6791 7331 -1 
371 7641 5111 -1 4691 -1 8601 6281 2111 9891 
5101 6671 -1 7541 3191 9041 4511 8741 9141 5391 
7581 4801 -1 7591 9351 2931 9771 3681 -1 -1 
6431 3731 9711 4801 3421 2771 7351 471 4001 1381 
7021 791 -1 7101 1231 1681 6701 4761 1761 4021 
6871 1451 281 8481 9991 -1 1021 3981 -1 2981 
4211 51 2551 1731 1491 2441 7641 3761 -1 7891 
7741 -1 8451 4091 3241 301 8051 3221 8211 1171 
7281 4531 4181 1751 2651 6391 -1 5351 331 -1 
5361 1891 6151 2831 7251 4201 2191 6761 5841 1441 
-1 5121 7971 4631 1891 4341 771 9721 2871 1591 
2691 3441 4521 7581 2591 7671 7481 7771 731 3931 
1021 3131 7991 9361 9751 6571 2331 31 8531 2961 
4441 1441 9931 5981 5121 4811 4351 7601 3201 7131 
3041 851 5201 5271 1601 7951 3911 6161 3861 3081 
5951 4081 9991 491 7541 1301 4511 5811 191 -1 
5901 4041 1841 -1 5751 7711 8431 6841 5331 6981 
671 7061 -1 2141 2321 651 -1 3731 9201 3781 
9721 81 -1 1441 9491 -1 4551 3711 4051 8951 
1661 9371 4931 8151 7601 9061 751 561 3331 5141 
7571 2501 5131 3821 6801 9361 4611 1511 731 3801 
9731 1361 8421 1711 171 3171 2461 3431 4591 771 
6621 9421 6251 1861 1831 7361 6501 7591 5541 6331 
2651 7121 1011 4411 2291 8831 2171 5741 1231 8621 
6951 6331 161 -1 2391 2961 5901 4061 8701 6711 
8401 6121 4241 1151 6401 991 1201 -1 8641 6071 
4901 3151 7431 5811 4331 6501 9771 7291 8791 6901 
4011 4351 7781 -1 5121 121 4421 -1 9921 1731 
5481 3211 -1 -1 8221 2991 1771 3551 7821 2491 
-1 4341 3721 5941 5311 4931 7031 6741 3821 7911 
8621 2621 2371 2971 8251 191 7361 2251 -1 9901 
631 4991 7531 6621 161 5611 -1 5981 4981 5301 
7421 3401 7171 1051 9131 9891 7971 6941 -1 1691 
5381 4151 9061 3311 9601 3111 -1 1461 1431 7851 
571 991 7971 -1 31 2961 -1 421 8401 6581 
8931 6801 2051 8541 8651 -1 7211 731 9781 7701 
8131 3601 7601 4331 1961 5861 7721 2881 8781 6631 
7261 8191 6181 8581 7801 7241 311 -1 7191 7461 
8961 11 4621 6331 3391 3921 2361 2821 661 2951 
5441 9071 -1 2941 1961 831 1131 7131 3571 7611 
2381 6451 -1 5281 9061 5781 6211 361 6491 4981 
4911 4171 9441 7631 5931 7981 8721 7341 4451 1801 
4671 2831 7891 -1 1051 2081 -1 1801 2381 -1 
7721 9401 6121 7641 -1 -1 8491 861 2581 1371 
6741 2891 6571 6971 9151 6661 4351 5761 1491 8631 
2201 6411 2551 7921 6431 391 461 -1 8071 -1 
8891 5091 971 3171 8731 1001 5661 9481 7101 6301 
6201 9481 8311 1311 8201 741 9331 8301 4141 9011 
4651 5381 2291 8381 9091 4421 3671 4191 7441 -1 
7231 7251 8411 7031 -1 -1 3041 6981 5011 4211 
9291 9171 6291 4611 8901 6831 7351 8581 6611 8181 
5851 231 6361 3831 -1 2221 1171 7491 3001 3601 
1081 2971 4951 6221 -1 111 9481 3721 6681 6541 
3481 9211 4591 5391 2151 4881 81 6041 6651 7941 
2281 7531 2961 6521 6221 5291 9391 8101 -1 3751 
5841 5991 361 9621 -1 8761 5291 7811 381 9551 
4231 8441 2881 8911 4261 2971 -1 -1 8611 5571 
-1 2021 6251 3311 5541 431 2301 6831 2331 901 
91 7901 7341 6341 6411 2681 611 1621 4291 8791 
2261 8591 2061 4281 3931 3601 101 4561 7681 6971 
6681 7471 4601 7391 9141 -1 -1 4361 7691 341 
5391 3241 -1 -1 3921 -1 7631 8971 -1 931 
8781 -1 -1 4231 5681 6741 -1 1311 7081 651 
3361 2901 5251 9901 7371 7921 5951 2911 9621 4671 
-1 221 4311 411 5821 -1 3691 7071 1291 31 
4721 -1 3081 2491 8171 -1 5411 781 4431 -1 
2551 6851 -1 4221 8541 1401 7441 5571 9341 4521 
8461 3841 1361 6561 3101 741 3581 9461 4281 611 
8771 7951 5731 451 5721 7661 -1 451 4061 -1 
6501 1761 1931 4241 3031 2751 1 3841 8751 2731 
4241 3881 1011 7841 3181 4641 9711 3191 -1 5281 
121 2551 8081 9691 2171 9991 7311 6701 5311 9691 
2011 8641 6611 -1 5731 1511 3691 7721 -1 2721 
8301 2621 -1 1071 3951 -1 5701 -1 1211 8011 
-1 9531 1211 2181 7451 2921 3731 2651 -1 4531 
1931 4831 1541 1531 4421 5871 6851 1641 7871 591 
5631 8461 2131 471 1001 3091 7401 8211 1671 -1 
6631 6811 5651 -1 6271 1941 8661 1691 2281 1491 
9651 8441 31 9751 9031 -1 661 -1 4711 4391 
4681 8961 6061 9961 3111 641 3001 3011 1761 2011 
2661 2711 -1 9591 4101 6181 6971 8211 5881 141 
9681 -1 2801 7801 711 4251 171 4411 6511 2831 
7781 3741 7651 7471 971 3111 3741 -1 3471 -1 
6441 2281 5571 9621 2031 2741 4381 4831 2271 141 
7481 6821 6831 2571 2281 9601 611 9181 7361 8351 
-1 6981 7311 6631 8291 6751 4851 8311 7341 -1 
-1 1831 8701 3941 8311 5281 9061 8071 3521 7801 
8381 3211 561 -1 6211 3621 7291 5721 811 8431 
611 4441 4191 8081 -1 3261 7651 6521 4941 6391 
9171 751 9161 9121 701 4691 8931 7651 1181 4941 
5481 6931 4491 7321 5391 -1 5511 5211 491 -1 
7521 -1 -1 6961 8361 4021 5381 701 -1 5591 
1231 7731 5001 2761 2541 1131 4581 3131 1361 8641 
7081 7641 1371 8891 4341 8031 831 5871 5921 3491 
9921 3611 5061 131 2121 9451 -1 8311 6981 5121 
4271 4641 5151 1301 3961 1201 9091 4031 931 6121 
3121 -1 -1 1 1431 4281 9781 8301 771 8411 
8441 6501 4601 6061 7051 3651 8161 3771 9841 5801 
8121 3861 4281 31 191 3281 5161 -1 6931 9601 
5421 9911 6001 2051 3731 9561 5821 -1 901 5011 
7791 9681 9491 1691 5911 8771 9151 2871 8281 1581 
6381 5751 3381 4371 6461 6971 9151 9181 9001 2001 
4911 8521 1891 541 1821 5841 4091 9321 4731 5881 
3451 9731 6891 711 9471 4001 591 -1 661 5731 
101 1931 291 7171 8211 5111 2431 3531 9571 9091 
2171 571 4841 4731 3761 9031 3251 1761 6221 6161 
4301 4611 8951 5251 5721 -1 8171 1991 3001 -1 
8561 8701 2671 1481 -1 4371 -1 9561 6691 7631 
611 1901 8731 3581 2431 2001 3671 2971 7581 5871 
2531 381 7651 4041 3571 7141 4771 5071 -1 3001 
4021 5681 9781 -1 2511 7891 7651 9131 1401 771 
-1 5301 1171 -1 8891 4371 8141 -1 7551 1151 
9771 7381 2731 7431 4911 -1 -1 5751 711 61 
7441 3751 1461 3131 91 1491 811 8871 3691 3111 
7131 6331 9731 5021 721 7211 8491 8361 3761 9701 
2541 5091 3291 1741 2521 1351 8721 281 4921 131 
-1 1961 7921 7181 371 6441 8221 6511 8901 9151 
1271 7621 2961 8431 6151 3191 3691 8941 2151 3421 
9801 -1 741 -1 3781 8041 8251 7901 7281 4001 
3561 -1 3871 4431 2251 8121 -1 -1 4421 4111 
3761 6951 5481 3881 2221 421 5701 5231 9821 5201 
7901 3641 3861 3001 8161 1501 6621 9101 1991 5641 
6051 -1 1211 7791 8271 1201 4061 3841 9211 5161 
7431 2021 941 7991 5371 5021 7091 9961 6241 3401 
9111 8391 2201 4121 4021 6841 2131 2441 5071 -1 
6281 2211 3891 7641 6971 9351 141 6541 2371 7961 
3241 8731 4521 -1 -1 5621 5591 6021 7371 2921 
-1 7731 2981 4971 2791 -1 891 -1 2711 9101 
5851 9771 4301 7051 1611 7571 -1 8241 3371 -1 
3371 6151 9071 411 8131 2851 8641 7341 4861 4201 
4981 -1 7841 4271 -1 -1 6251 6891 4871 9431 
1881 7021 8051 2091 9311 7831 9081 7981 3391 -1 
-1 9611 8251 9211 6271 4481 9461 1511 3011 9921 
8861 981 8341 231 2341 3721 1351 4551 -1 7521 
9061 7701 -1 5711 9821 5511 4731 8911 5511 9171 
3221 441 8121 4591 3471 471 2101 61 8571 401 
6291 -1 -1 -1 3861 6341 6821 -1 3781 6461 
381 -1 3551 8931 2621 8061 -1 1431 9291 7751 
2971 661 3441 201 5781 4341 6871 -1 4911 3271 
9471 7651 9851 5671 -1 2901 8161 7031 -1 -1 
3441 7911 2151 2961 7431 6711 7681 8721 2801 1441 
641 5051 151 2011 3831 6641 5871 -1 -1 7791 
-1 9191 351 1901 1941 3251 -1 6451 7261 8271 
4931 1391 5011 191 2141 5081 6951 4911 5461 6311 
7411 7281 3231 7781 -1 2181 4671 -1 6521 2671 
5271 5061 4521 -1 5591 1501 1201 3741 3531 7941 
7971 7451 861 9991 -1 9921 4411 9661 7791 8041 
7831 8861 5881 6221 1751 1941 -1 231 8711 1861 
-1 6001 4161 7061 9961 5201 1561 9871 8461 6111 
7551 5051 4371 2061 7471 7681 1201 8521 8491 5771 
1171 -1 -1 5841 6311 461 5241 -1 2031 2611 
6551 361 -1 9281 5541 9051 7531 4481 9761 7321 
8551 341 591 3111 8561 8721 5641 8021 6611 6171 
9591 9601 1141 7051 2421 3581 5511 4571 4521 7431 
3241 4921 2511 7981 4261 9121 3681 6771 7351 7061 
1671 3591 -1 7221 5271 1901 5141 -1 5311 8511 
4301 -1 4931 8191 7921 6221 6581 9511 4091 6051 
5161 2591 6641 3671 9241 4191 7111 2571 8921 5771 
8161 2151 4111 6831 301 3461 51 7601 1421 8361 
7501 -1 2521 271 1001 5931 -1 -1 6701 9121 
8441 891 6141 9151 1981 6531 2691 7411 7621 9751 
4911 2121 9371 -1 3451 3451 3721 4481 2871 9071 
3051 7741 4881 3121 1011 8081 6641 9281 3461 381 
7741 1441 4521 3761 4221 2111 1631 4261 7361 4261 
8731 -1 -1 -1 5311 -1 7111 3111 4321 1931 
1511 611 3371 7631 2941 1701 8221 3701 2451 7681 
4971 9721 1281 -1 1271 5101 8171 7451 951 7961 
1171 2281 3031 9301 2071 5561 6131 3591 5801 1361 
5161 2441 3911 9231 2161 3161 5151 1321 5201 6651 
3121 591 8291 3121 -1 6201 2661 6201 1181 -1 
7231 3871 2881 441 -1 4831 8851 2011 5021 2741 
9511 2701 8661 8681 5411 -1 7881 831 1441 7941 
1041 3791 2051 -1 6611 1311 1751 -1 1281 4141 
8661 1051 7611 2491 6071 6341 3541 7601 6601 8661 
1631 4551 1441 -1 5571 2241 1551 4471 6001 1211 
1941 8561 8781 7441 8161 7521 4671 7231 2061 8701 
5601 3761 5461 5301 671 5751 2431 8951 7611 3071 
4441 8281 2871 2241 1241 -1 1051 301 721 3061 
131 9071 5931 6501 1361 4881 9951 1721 7811 8881 
8391 1511 5771 7631 2951 2931 8861 -1 9701 4641 
7241 8231 5721 161 4821 1601 3521 1511 6551 6541 
8991 6801 4461 8701 5721 8401 -1 -1 581 2421 
1071 9061 4121 6311 6031 3001 1881 8081 6051 5101 
2331 6861 3031 2341 7051 5971 1621 9031 2011 4791 
8881 7791 -1 3881 4971 501 4541 6701 271 -1 
4311 9751 1331 -1 2951 1741 2361 9401 3031 3451 
9121 4981 -1 641 8861 -1 5401 8781 7841 5281 
2341 3801 821 1801 8911 341 2001 5941 5331 6691 
7761 2331 6371 -1 801 1351 8651 7421 4921 7341 
2661 2021 781 6361 5971 7161 4081 7981 861 4381 
1211 2441 6911 5481 -1 7821 5391 4431 6191 7771 
2511 9451 8441 5741 5961 4851 4271 2191 1021 201 
9861 7441 7981 2541 5851 3541 441 7561 -1 1661 
4951 2411 -1 3621 3221 9541 9491 521 1641 -1 
1891 9711 6521 5191 6641 5581 51 6681 7781 2091 
7161 7671 3151 3911 -1 8401 1591 5531 6801 5461 
4371 2691 751 4621 7471 7141 2691 7971 4351 6101 
5441 7031 3311 3191 1831 9981 5881 4181 211 4221 
5501 5341 5711 571 651 1501 7401 8071 541 8461 
5541 4131 5841 2511 9741 4871 3401 9631 -1 9671 
5161 1791 2841 3141 3101 8471 -1 3741 131 2531 
1 -1 4371 2041 4251 4951 1031 1021 9261 9561 
5631 281 6071 3351 2741 3601 9631 471 1801 7051 
9701 -1 6231 -1 5811 221 -1 9721 6841 1591 
9481 2541 5671 6291 561 1871 -1 1791 3261 4311 
3391 8551 -1 2951 821 7571 7631 9411 -1 -1 
551 2511 2061 8001 2961 3621 8051 2611 -1 6801 
6181 7731 9451 7761 5401 1051 3751 -1 2561 1471 
5761 5421 851 9611 -1 7171 9191 9451 5831 1901 
8091 -1 2821 3721 5781 3181 8901 -1 6501 7291 
911 -1 1091 9461 6521 1991 5901 1561 8211 1921 
9011 1811 6251 2401 4311 3971 511 1021 151 2911 
-1 7741 4371 1551 -1 5981 -1 2771 -1 4851 
6021 6371 11 1191 2531 3391 4231 2861 8671 721 
8571 5991 7241 3801 2821 5431 3681 8101 9001 8191 
2211 8771 641 5171 6781 6991 1381 -1 9671 6701 
8741 241 1521 6201 2731 5711 1631 941 5721 5781 
2671 171 5621 5641 7061 7141 3581 131 1611 6411 
4361 6091 -1 -1 2761 6541 -1 9411 8321 3701 
4371 -1 351 7861 -1 4881 4301 1121 -1 4641 
4371 4281 5321 -1 1941 -1 9091 -1 5751 4911 
7751 9261 4691 4851 6501 7961 521 761 1791 1331 
-1 9781 2161 5891 3771 3401 6251 1051 8211 -1 
8971 3321 1661 9461 391 9291 581 8571 -1 -1 
5831 9141 2421 8031 1331 5491 5051 5611 5141 6421 
4001 -1 8031 6101 4821 9171 -1 251 7011 5491 
1271 341 3661 6371 6891 5781 4761 3481 9501 8131 
6441 1421 7691 3371 6861 1841 701 7601 5531 4671 
3401 141 1141 7681 3831 9221 8721 9711 8011 4581 
3641 4241 7781 6491 9681 6371 6361 371 -1 3471 
9491 9771 5671 5821 6641 1511 5181 9571 1891 3031 
6581 8691 7391 9081 -1 6461 3311 2341 6241 541 
8601 1431 2771 4021 9111 1721 7361 -1 -1 7281 
6441 -1 9871 1841 1311 -1 8851 8441 5961 5101 
7301 7841 -1 -1 9211 7651 6041 501 5531 5181 
7751 6761 9171 2581 21 1011 2021 771 5941 4761 
1891 2711 -1 8111 -1 -1 4201 -1 -1 7751 
4001 -1 7351 921 1061 971 7471 5571 6391 5961 
321 5061 5261 4621 7491 8461 7251 -1 6071 7181 
6911 4231 2251 6501 7781 4381 961 7841 4861 7981 
9261 5881 3761 4641 2221 231 7071 1341 2941 1881 
4061 5631 3311 3971 661 2951 1421 6161 5631 3061 
8731 4821 1151 5271 5681 6361 9561 3791 91 8561 
421 7071 871 651 9191 8261 1761 401 4901 9771 
7101 -1 5131 5761 2361 -1 4981 9211 -1 7241 
8011 -1 8631 9991 1901 7701 7681 431 8541 9121 
5761 8891 1961 9361 2591 6821 6971 8101 6461 901 
5481 1981 4471 7161 1591 361 8681 3401 5741 8141 
4391 2461 -1 5241 3271 1121 6781 8731 3571 2871 
1331 7021 9951 9021 1411 3751 4031 -1 7791 2451 
1551 6091 -1 9091 3101 8191 1451 491 361 9271 
7051 2561 3191 5661 6931 231 7791 -1 2901 6701 
1351 7401 591 7501 5691 9761 -1 -1 2601 8271 
2781 4451 7061 1301 481 -1 5581 761 7051 2461 
31 6451 5421 3901 2711 2191 9041 9781 3701 5371 
7401 7671 3471 4571 5711 201 2521 5291 7031 6941 
9851 8501 8191 2051 7461 -1 9141 5051 5191 8651 
7471 6771 1021 2201 1571 6461 7761 6331 -1 6171 
2011 4441 7751 5761 6261 1201 6071 1331 -1 3251 
7911 5511 -1 171 8411 4101 9841 9691 8081 7171 
2221 6861 2171 21 9991 7031 1011 -1 5921 6321 
-1 7221 1631 6901 911 6941 6871 831 7891 9011 
5651 3421 2761 6951 5511 4171 5921 7851 2461 4601 
7181 5361 9561 -1 -1 8541 9161 8251 361 8101 
1081 -1 561 7901 711 -1 9341 -1 5531 7311 
4091 111 -1 -1 5581 6511 -1 8851 1041 151 
9701 -1 7701 8231 8331 -1 9711 5441 3421 9411 
-1 6121 1591 2101 451 4341 6441 9991 921 8071 
8941 9211 7991 7931 8001 271 331 6611 7641 3681 
9721 2011 5261 9531 51 3421 3011 3301 4931 6931 
7261 -1 1771 721 -1 2331 8231 3621 7331 5201 
131 4681 -1 9891 391 2191 5721 4061 4311 -1 
4641 2591 1591 641 8851 8461 8171 3141 7861 591 
7831 8931 1841 6111 8551 7121 5771 3831 1471 5391 
3331 4241 7391 4381 -1 -1 -1 4671 4601 1921 
8391 1131 1851 9291 8551 7401 6961 1481 -1 9471 
-1 7951 1451 8831 1881 3841 6711 5691 8881 1111 
9671 2001 1971 3511 4391 741 1781 8271 -1 5961 
1311 6271 1481 3161 7771 7531 9601 -1 271 1301 
1491 4801 6081 4391 -1 2351 3171 6021 8521 2051 
6091 -1 6141 6561 6451 -1 9651 6851 9391 9451 
9051 9301 1961 7091 1641 5661 6381 9611 9231 -1 
9831 3651 4871 7921 9381 71 6851 5641 1541 -1 
4681 7781 1131 4071 2201 8351 7981 5171 9481 8951 
4491 1851 1721 3621 7351 8641 9051 6421 5001 3391 
-1 3571 4531 4951 6211 4231 7841 7431 561 7351 
9171 6471 5931 6151 6151 7431 1051 1591 7051 9951 
1391 5591 1131 8331 -1 1891 221 3551 1211 761 
7781 8441 5401 5141 4521 7311 9741 581 7661 7961 
-1 6551 8791 2841 8421 8951 2571 9921 5901 -1 
971 8181 2431 9721 8881 -1 5791 8011 -1 6421 
-1 971 -1 7371 7331 6361 1301 2931 1581 -1 
2341 9401 1971 6251 6191 6121 3751 7821 6061 261 
4131 7501 4401 9401 4151 1671 4171 9621 2741 8721 
2051 -1 9121 1711 1641 -1 -1 3901 -1 -1 
5611 9001 3221 4031 701 2831 5411 3011 5441 7481 
7391 2761 571 4041 3821 8481 4201 5951 -1 2851 
3421 1291 4651 8241 4601 5551 1011 1761 4271 121 
4501 4651 3371 8181 6391 4361 8101 8671 1831 3611 
6411 -1 1421 6751 -1 9291 8991 341 6551 4391 
5741 9581 7341 6081 8391 6281 -1 3421 5301 6571 
3211 -1 9971 9431 3961 9361 7871 5171 9871 6711 
1961 9891 8371 2371 331 2441 3921 7721 7801 9061 
2591 4691 6231 7781 8161 4361 8951 2521 2881 8891 
4511 8711 4201 441 8311 -1 7501 6231 7111 9151 
1321 7221 3851 5121 7821 9331 9271 8861 4401 2361 
8511 7971 2921 2161 6411 -1 -1 -1 2621 4411 
2201 3651 7591 2721 1941 3911 5521 5841 3571 4901 
7491 3111 -1 5451 6421 6681 701 7221 711 2511 
8501 4151 2671 871 3051 6601 3151 8871 2311 1631 
1701 5471 4501 1581 6441 -1 5831 -1 5721 3971 
4761 -1 3231 651 8651 2241 3981 -1 9761 1571 
8321 3461 8191 5801 3001 491 -1 3571 5191 1221 
8071 3101 -1 1281 7831 6541 -1 5471 1091 3951 
-1 5431 8431 7701 8061 7521 7861 8101 521 -1 
8731 901 631 9901 9671 7761 1321 5301 871 2691 
7061 8521 1371 9131 -1 6141 -1 1971 -1 7661 
4721 8681 4821 9301 9651 -1 2501 6121 6991 6621 
-1 6131 8181 8791 2181 8611 1061 1291 7561 9061 
-1 1721 3991 3431 9001 8201 4741 4501 6981 9081 
7581 971 2461 841 661 2861 3911 1801 1541 2471 
3081 -1 -1 -1 3681 3351 7651 5661 2011 7241 
8161 3651 421 7431 1391 8211 6041 2901 4021 6221 
9431 6871 4601 5331 7031 6571 7551 5631 -1 4461 
8601 3741 9951 1291 5011 3561 8491 2371 2071 2671 
2361 7591 931 1861 1971 5511 6821 9341 9471 7351 
4751 7321 3021 9891 -1 7771 5981 4191 5891 2651 
9641 2301 6571 2131 3751 6261 611 2061 4911 2341 
9221 4971 6841 761 9041 3161 2661 2011 -1 3131 
6631 8021 1391 71 1801 3891 651 6441 2791 9651 
9121 5661 8061 4271 781 8001 -1 4911 4201 4891 
4721 3071 1621 8541 2781 9621 -1 7211 -1 9111 
2301 3421 4621 7111 6451 -1 5901 5191 9321 4731 
4461 1201 3501 7581 7381 2961 8781 8591 7781 5541 
7291 4971 721 5511 1501 8891 5571 9181 3901 7651 
3511 -1 4961 9071 131 5961 7761 911 -1 4251 
2381 4381 5161 7171 7691 5271 4671 5011 7371 7631 
9841 5471 6561 2551 9811 8141 7901 5521 141 5381 
901 9241 351 2421 5601 1411 4201 5731 7831 6071 
451 8461 671 5551 6491 6501 861 2091 801 2941 
571 1091 -1 4171 581 9001 7081 9361 271 -1 
1991 -1 8921 6331 8711 6181 -1 4711 4481 5221 
4701 7111 7081 3461 1681 4741 3941 11 -1 6431 
1181 7601 2861 5941 4101 5281 4001 201 7921 1221 
-1 2321 7151 5301 2821 8581 5831 7941 1001 4691 
6391 8601 1051 -1 2191 1681 -1 -1 7091 1781 
-1 5741 4321 4741 8061 -1 5221 5951 3361 -1 
-1 -1 4391 -1 6291 8191 5571 -1 5811 1531 
4261 3841 5551 1651 5131 7521 881 471 3411 1061 
381 2931 7411 -1 1351 4741 4781 4891 3301 7511 
7391 3491 241 5261 2041 -1 3391 3391 9301 7551 
5731 5751 8101 9401 8571 6301 8501 2891 1441 2061 
5311 7491 1811 9581 1841 1391 8381 7321 861 2911 
8531 9491 3401 5351 901 1821 3681 8751 4651 231 
1991 8131 6341 1031 6571 5611 411 581 4491 7781 
9071 6231 4611 9291 1611 8331 4911 2541 6241 -1 
1641 8611 5361 761 7891 6151 5671 3721 6181 6691 
4991 8111 9181 5011 531 7241 1581 3611 891 -1 
6921 6001 2621 5231 9111 7401 821 8481 6311 7471 
8731 461 681 2831 -1 5991 3161 751 2641 3301 
2041 6521 4231 7861 -1 81 2561 8621 9331 4221 
6221 1821 1531 4161 7851 3571 7001 5391 1331 4491 
7261 5641 4081 -1 1521 511 2131 181 6291 2081 
7551 8581 3271 2321 2081 8881 4441 411 2661 2291 
341 6931 9251 8241 2831 5441 5591 6481 -1 7241 
981 961 4531 2131 6161 2521 5571 1171 6521 5081 
3511 2851 7011 -1 8201 8971 8521 1171 4931 1061 
3461 3001 -1 3591 7691 7651 411 6361 1701 8161 
9001 5511 121 6821 2421 4541 3071 6481 491 571 
731 5491 3261 5741 5501 8761 3031 5301 -1 4721 
2461 8211 -1 -1 3271 8671 7301 6281 1981 9131 
-1 4151 8301 4961 7831 5001 3731 2301 6881 4091 
8081 -1 4801 1791 7031 1201 -1 -1 3261 3691 
7451 5401 8351 1201 -1 5541 8131 3881 8021 3641 
9251 3661 1651 7701 2871 -1 2371 3781 3111 7631 
-1 -1 1731 2201 2671 5011 4311 2531 91 101 
4201 4451 2591 8201 8471 6661 2311 5121 7591 8031 
4931 7791 -1 -1 3881 9671 2411 6361 81 8571 
6351 281 4531 3931 1621 1811 9831 2741 201 7321 
-1 1471 201 5901 6001 7541 7611 4771 2481 5321 
3851 2941 2571 771 4941 8961 4301 9531 5641 5831 
-1 611 3011 7481 5291 8521 3751 4431 4491 1041 
231 5331 1781 8961 6471 -1 1781 1851 9131 271 
6191 6461 2341 6851 3751 2301 -1 5581 3961 8631 
5911 9211 -1 9171 3211 1931 -1 -1 2581 2381 
8331 9141 1811 -1 7951 9321 8281 4661 1011 2381 
2331 2091 1141 8271 911 -1 -1 2871 4521 5961 
6921 6071 4451 2151 7191 1701 591 6321 5961 -1 
9091 2091 4451 2661 6841 8161 4721 1471 -1 1071 
7221 -1 7551 3771 9141 3751 4371 7921 9831 8831 
-1 2281 1631 3611 6801 6201 8981 8041 1951 9821 
-1 5221 5221 4021 -1 3471 1801 3831 7351 7111 
6651 4011 8861 2301 5541 2541 241 -1 4401 3881 
9531 2471 3481 321 4951 5021 9081 941 6361 6061 
3681 4341 6151 8841 3521 -1 1421 4441 7171 831 
8491 2151 7091 4371 2151 2581 771 2011 5481 661 
5291 4421 3381 251 2171 8901 4631 3331 1291 3221 
-1 1221 131 -1 3341 7271 5781 9801 6771 7261 
4001 5361 4671 4601 9241 5871 8121 4101 4371 4561 
-1 5331 9901 2831 1741 2201 4551 8601 1261 6771 
8491 4641 6321 5831 3531 2721 9091 7851 2091 1691 
-1 4791 9921 4971 891 5921 7751 2591 8381 8681 
7761 5061 7221 2631 1741 8671 4981 -1 9091 9981 
-1 5481 1841 1071 4411 -1 2441 -1 -1 7381 
4461 9921 7231 -1 961 8641 8671 2631 6351 2681 
5441 4921 8811 6731 3321 601 -1 7271 7221 4811 
1321 9191 7681 4221 241 -1 6501 -1 2791 3461 
-1 291 6921 3491 8101 -1 3541 6321 1651 641 
341 8171 -1 8021 -1 3581 6191 9441 5661 8941 
2981 591 241 8521 3081 -1 1191 5861 6151 8981 
7671 1491 6171 4041 7791 1081 7321 9281 7121 9131 
5631 1231 3441 8701 6841 5651 4821 8801 -1 7011 
6441 9571 4221 5841 -1 6321 2161 8951 5861 9671 
2951 4831 4401 6451 3981 1681 9381 6061 4231 3411 
5921 4581 1221 1141 9561 6251 491 2601 2111 9161 
2381 6491 4861 3801 7011 7701 3161 8301 3231 -1 
3431 3851 501 7351 -1 4801 1881 1101 2751 901 
8551 6631 8201 6151 6631 9091 2271 9431 5411 5701 
2931 3381 6821 3051 -1 3071 8811 8031 8641 9791 
3331 9791 51 3431 -1 1741 1231 5891 6491 -1 
2791 3421 6141 2411 3591 2421 3711 9091 4051 231 
6591 8571 8701 2301 4571 7871 6361 771 3331 6181 
4101 5181 1621 6321 9981 9451 8381 1581 3121 2841 
811 6331 911 8961 8171 3951 1941 8541 7471 7961 
7091 1191 2291 9521 -1 -1 6141 4821 7951 5311 
1731 611 5321 7731 1651 9621 2501 8611 6411 5111 
6231 -1 4381 3981 2131 3911 3351 3961 7221 6341 
3121 9761 5561 8631 9571 9251 -1 9291 8051 2381 
6911 8601 1031 -1 9241 101 8491 5471 11 9371 
-1 8081 4681 5131 321 5501 5351 -1 8671 7271 
3581 -1 -1 7991 551 -1 4991 9581 6371 9301 
5631 5731 761 9061 6591 9051 -1 5431 3961 1171 
481 4971 3251 -1 8491 4541 -1 7521 6881 1451 
6131 4051 8441 781 7291 7101 9431 5861 9631 4851 
4851 421 361 3881 6391 7741 4681 8521 5981 8341 
8321 9311 1101 1511 5771 2821 8421 3641 761 7171 
3871 7661 4141 2331 901 9631 4151 3941 4551 471 
7701 -1 5671 8411 -1 4521 -1 5771 3541 5011 
6431 2601 1451 4621 2621 8231 1411 4451 -1 1021 
2221 6751 4701 8641 5551 8131 6121 1991 9101 1091 
4601 891 6551 7521 1701 5251 9081 6711 -1 8391 
4121 9901 1421 2901 5681 761 4211 21 2511 1621 
4771 -1 9371 5111 1431 6861 6341 5551 7741 1091 
1901 5601 5001 7651 2561 4511 7661 2221 5021 7441 
1171 7001 6161 2861 -1 8271 7771 1331 1011 7301 
1891 1701 6891 9171 9641 1941 5381 4941 -1 -1 
2771 4181 -1 6421 4861 351 8731 5071 911 3601 
9241 6011 -1 6741 7681 6761 4471 2081 6731 8081 
8631 5741 1471 -1 621 1331 3151 4061 2291 5701 
8901 8881 8321 -1 9001 -1 8201 5091 5701 9541 
6051 9651 5901 9231 711 5771 8741 5721 5791 7491 
8901 1931 -1 9401 -1 6681 6421 691 6171 -1 
5101 2371 691 8391 5491 7901 2961 8001 4751 4791 
7341 1011 4481 7501 -1 -1 3651 851 1281 3351 
3761 1151 -1 3491 7851 5221 -1 7651 -1 121 
4601 7581 5241 7951 1191 7781 9821 5101 9961 4351 
4291 9691 9351 2301 3621 3671 7101 8161 7211 8451 
4601 7321 -1 9211 7381 9951 5801 1231 7641 1881 
-1 1831 8511 6171 -1 9351 421 101 7801 5521 
6071 4401 1771 5851 3091 1261 261 9651 4931 1071 
7801 8231 3341 1551 6491 2171 6201 9291 8561 8361 
6321 4321 3201 5341 5681 8211 2831 6641 9731 211 
-1 5231 4581 8801 7891 8551 8111 -1 5491 7711 
9661 6891 9501 1501 4681 191 6481 -1 7691 2711 
4901 5311 2461 8311 811 2211 241 3111 4841 681 
5851 5911 3431 9281 8101 391 8771 7831 3901 8421 
7811 -1 2511 7801 7131 9641 5791 9561 5951 5291 
2391 7531 2831 811 8661 8471 9501 8071 8951 3261 
4331 6351 7071 251 7321 6921 5221 6061 -1 561 
2721 -1 -1 9931 1531 3171 511 3971 8611 7831 
5261 5301 1171 -1 291 9811 8371 801 4871 991 
7691 8901 211 8691 5411 7551 371 9361 -1 7751 
1011 7031 4651 6211 1641 4711 3271 7301 9841 6011 
4901 9751 9611 2041 1781 9031 4901 3301 2811 2831 
3981 -1 2711 8021 2661 9111 4721 7741 9451 7011 
4831 2211 641 -1 4561 -1 1901 -1 1861 9741 
1671 5031 1651 2121 3881 6881 2891 1081 5541 3051 
-1 2371 7651 8211 2341 3051 8151 7821 6691 271 
251 7831 6071 7771 8891 8511 -1 5291 5581 8861 
1921 1811 6371 4171 2501 7091 -1 5541 9721 9561 
1251 7501 1441 9161 6521 3771 4511 7841 611 2781 
9181 571 4151 -1 1771 8431 4771 2491 -1 4681 
1811 1541 3031 4671 9291 2041 -1 3741 6721 3621 
8391 9181 2541 3531 -1 9321 3871 2721 7741 7391 
5021 8571 3831 8081 8331 4091 8841 -1 2161 4931 
5591 2411 7881 8641 2231 4681 3861 7331 411 2691 
2171 -1 1421 5491 791 -1 2251 8391 9311 891 
731 8081 4441 391 9681 7121 2001 8361 9611 4161 
941 4471 8741 5901 551 4601 -1 2281 291 -1 
7481 -1 151 8261 7031 8121 1571 4581 2461 811 
3101 -1 8701 551 6351 7701 1891 7181 8481 1441 
5551 8001 3441 261 5531 2011 3361 2291 8351 5091 
-1 5591 7691 6511 1051 5181 6801 -1 3101 -1 
3981 5911 -1 -1 7371 7211 -1 -1 2141 4191 
4231 9501 -1 8741 1501 8591 6401 6441 2981 7561 
9531 6711 2411 1361 -1 2291 7001 8421 1171 4211 
441 5661 3121 2631 5391 991 7581 5071 8921 2951 
4041 531 6911 1241 -1 5201 8931 7761 7161 6891 
8951 -1 7601 4961 591 5761 6231 -1 341 -1 
6051 -1 8481 681 5811 3981 1101 8671 -1 5711 
7781 -1 5261 7071 3091 2591 3681 3191 3651 9291 
2431 7211 -1 4131 1911 9081 391 31 8341 8271 
2411 741 1531 7741 5481 1681 4331 4341 1721 -1 
4941 9971 5241 9451 6071 1611 5031 -1 9271 5121 
-1 2491 1411 21 2681 5671 3391 7841 9831 9231 
5491 8221 2691 7611 7821 7151 4301 5071 1891 3121 
6561 6221 51 5771 3831 2401 2561 8321 1091 7031 
-1 1551 4441 8321 9321 2781 6921 6521 -1 831 
6831 1801 4641 7661 2621 5751 7211 2841 5701 6411 
2871 2291 8001 5881 5441 621 81 441 4971 821 
1471 6891 1751 4131 2261 7101 3951 3551 6421 1471 
6671 4561 2111 531 8481 1101 -1 -1 5421 -1 
7641 1301 3911 1741 -1 -1 5931 7371 7851 5411 
4091 6941 5421 321 3631 9351 5781 -1 1561 9201 
6361 7881 4851 1011 1291 4491 -1 -1 9601 5911 
7521 9941 401 8011 1491 7701 1181 7551 1771 -1 
4391 4121 3401 2821 4181 7881 1071 7561 1821 9611 
5231 9631 671 3741 3241 6261 6261 2821 -1 6431 
8241 5191 791 481 -1 -1 691 11 7311 7401 
4701 6191 6061 1561 51 7171 4091 9901 6861 2211 
-1 8751 5191 181 8871 7031 1591 9981 8131 4241 
6661 8351 7701 61 7431 3141 1861 7071 3001 1741 
8491 9401 2121 9291 6151 7241 -1 4901 5571 2551 
-1 1481 -1 8361 441 9701 5621 3751 7881 3111 
8351 3921 2321 7091 1991 5411 -1 3691 1081 3021 
541 611 7751 8451 9491 3101 2871 9871 8931 2701 
491 -1 4521 2761 -1 7961 1661 6551 1281 9171 
4521 8241 1651 4251 -1 1831 8291 2501 -1 2531 
-1 9971 3101 1681 -1 4291 4061 1671 8941 1441 
8821 5401 8891 6761 8821 631 3861 6421 2741 8921 
7781 2941 8051 4931 2821 -1 4611 8781 6981 9131 
4841 -1 1701 2711 8681 1511 9461 7561 9791 9881 
9641 5721 9421 5281 -1 1861 8231 6161 5351 4941 
4381 9451 -1 4031 6401 1271 2451 3601 -1 241 
2891 8981 3571 4341 4451 -1 9981 -1 971 -1 
5561 2881 6971 1471 6341 101 8531 7171 6511 -1 
8341 9221 6801 8651 381 1791 -1 8471 6381 4601 
5581 6311 8051 6441 -1 31 7501 3991 381 5531 
9001 2121 5231 8141 3511 3861 7611 571 4841 2641 
1131 6711 7801 6071 2621 4381 7111 1021 7331 7281 
4831 3851 5741 251 1681 6791 -1 1241 1051 4601 
8491 9521 3341 441 981 2921 8991 6231 6541 661 
2591 6161 8681 2151 6631 1061 6251 8751 7181 1581 
8911 -1 5301 3451 2841 -1 6951 3041 9241 21 
8911 7351 9941 5951 8271 881 8061 3391 8331 6521 
7171 1891 331 -1 6171 7321 21 371 6251 -1 
5291 4991 8501 2401 7241 591 5011 991 5891 -1 
8721 3921 6311 -1 1891 9541 -1 7501 1091 1031 
2671 9701 5741 5221 2101 1061 6811 -1 8221 3971 
1951 -1 9531 2771 2621 1761 2341 381 5381 7371 
9131 8151 411 421 6851 7391 2091 9051 4521 4391 
5661 2031 7061 3531 8361 4371 21 3531 9241 5191 
7761 -1 9481 7891 6831 8291 -1 7791 1811 3961 
9151 9161 3311 3531 4091 -1 4681 451 7361 9251 
2951 8801 5151 -1 8471 9831 4191 -1 691 4711 
1651 5581 8301 8481 5881 301 1671 121 9411 761 
9061 2921 4971 2931 4431 6661 5281 9431 4661 -1 
9751 8061 7871 5731 5341 6141 1731 2971 8001 8271 
3701 5171 4031 3371 7871 2991 7401 391 3111 6891 
7541 8381 8001 351 1001 6791 1371 8881 251 4911 
1311 4161 4971 2801 551 91 3951 3321 -1 201 
-1 2811 4501 -1 1121 -1 691 4611 9091 8791 
7141 2431 7091 9721 71 5061 7711 3761 1731 2141 
8701 9751 8371 8561 5091 7481 3521 6261 3221 5131 
3481 8551 -1 1611 -1 8461 5621 6791 721 5131 
7161 9301 5121 -1 3451 9921 -1 2451 3051 7041 
-1 9461 -1 9661 6611 5561 5911 6701 321 -1 
7071 2461 4111 4001 4031 9191 1121 5601 3231 521 
7561 6111 7451 5821 4261 5341 -1 5421 401 2341 
2781 2561 7871 1821 8461 8771 51 8591 851 6661 
-1 661 -1 7951 151 7261 2991 2981 2521 4181 
1551 6451 -1 951 1761 8511 961 6251 7501 2651 
-1 3001 8701 -1 -1 1151 3001 6861 2731 1711 
1901 921 7031 6931 4741 3041 8111 4511 1961 7831 
2251 9211 8061 2321 -1 2831 591 1721 9491 -1 
261 6481 9021 9141 2601 -1 -1 6071 441 4621 
5041 8191 5901 9581 191 7811 -1 3161 471 7361 
7171 3071 601 1771 -1 4731 2831 9551 7851 -1 
-1 1641 5491 -1 4681 -1 231 161 8371 2951 
5331 7391 7711 5801 2571 691 701 7521 9461 881 
9981 7351 771 6561 8981 991 5921 7861 2361 7411 
441 7351 6961 9581 2131 2901 9281 5971 6171 6231 
-1 -1 4161 5521 3761 5961 2871 6551 9511 -1 
6981 761 2191 1591 4111 3221 9871 8551 4391 3231 
4601 6141 8231 9871 1211 781 1231 7961 6001 6511 
5241 9821 4641 7311 3351 6041 4331 931 -1 3021 
1 1651 1501 7031 2261 -1 -1 2931 861 7331 
7571 8441 3821 8671 6131 8491 -1 8451 8191 5891 
9661 6851 8891 2501 1701 9571 2431 4701 8441 9221 
3021 3011 5461 4541 1481 71 3441 4531 7241 7991 
-1 -1 5051 -1 -1 3821 2251 -1 4591 421 
-1 271 5471 7391 7231 3581 -1 1111 9391 101 
101 2261 2501 2791 3781 4151 1351 6611 5681 3071 
9491 9091 4461 7581 1811 4201 6021 -1 1511 21 
6671 7111 661 1141 1651 2041 7351 671 -1 5631 
6471 -1 7721 1881 6531 7581 9751 421 5581 3321 
2961 1601 7981 1031 4981 5851 6931 1911 641 6531 
561 9531 8651 2841 6271 9181 8321 -1 3091 -1 
4961 8611 2701 6901 8691 -1 6371 9801 6321 8681 
4641 -1 -1 7011 3391 3641 861 8691 4641 4901 
-1 7401 -1 7301 3321 5321 991 -1 3431 2841 
9911 8981 2031 7041 641 -1 2311 -1 6901 5271 
9521 4671 7771 5231 7491 4851 1431 9731 9971 1681 
601 3411 7151 3871 4141 3561 -1 4201 8941 601 
5261 3351 3231 6201 3551 6161 8841 971 7201 8121 
4121 4821 531 3151 5501 3331 8821 4171 3531 -1 
1141 -1 1691 9721 8601 281 551 1811 1921 -1 
-1 3371 6281 241 2731 6971 7391 9331 3421 8941 
3811 9511 4731 -1 61 4551 8681 1701 8371 7181 
6411 7541 9081 8431 6771 6891 5871 5651 1551 2941 
